# This constains the values for all pixels of the 32*32 tile. 
120
123
123
120
118
123
123
120
120
120
123
123
125
125
120
115
115
113
115
113
108
105
98
88
85
85
85
85
85
80
78
78
118
120
118
115
118
125
125
123
123
123
123
125
125
128
118
115
115
120
118
113
108
103
98
90
88
85
85
83
83
80
78
78
120
120
120
118
123
128
128
125
125
125
125
125
125
125
120
115
118
120
118
108
100
98
95
93
90
85
85
85
83
80
75
75
125
128
130
130
128
130
130
128
128
128
128
128
125
123
123
120
118
118
113
103
95
93
95
95
90
88
88
88
85
83
75
71
133
133
133
133
130
130
128
123
125
128
128
125
123
120
123
123
118
115
110
103
95
95
98
95
90
88
88
83
80
78
73
68
135
138
135
135
133
130
128
123
123
125
125
123
118
115
115
118
113
110
105
98
93
95
98
93
88
88
85
80
75
73
71
68
135
135
138
135
133
128
125
120
118
118
118
118
113
110
113
113
110
108
103
98
93
93
93
90
85
85
83
78
75
71
68
66
125
128
130
130
125
118
118
113
108
108
110
108
105
103
105
108
105
103
98
95
93
90
90
88
83
80
80
78
73
71
68
66
118
118
123
123
115
110
105
103
103
105
105
103
103
100
103
105
103
100
98
95
95
93
90
88
83
80
80
78
75
73
68
66
110
110
113
113
108
105
100
98
98
105
105
103
103
100
103
105
105
103
100
100
100
95
93
90
85
83
83
80
75
73
71
68
105
105
108
108
105
103
103
100
103
105
105
105
105
105
108
108
110
110
108
105
108
103
98
95
90
88
85
83
80
78
73
73
105
108
108
108
108
105
108
110
105
108
108
108
108
108
110
113
113
113
110
110
113
108
103
100
93
93
90
85
80
78
75
73
110
113
115
115
113
110
115
118
115
115
115
115
118
118
115
118
120
115
113
115
115
113
110
105
100
98
93
88
88
85
80
78
118
123
125
125
123
120
120
123
123
123
123
125
125
125
123
123
125
120
118
120
118
115
113
108
105
100
95
93
93
90
83
80
125
130
130
130
130
128
128
128
128
128
130
130
130
130
128
128
128
123
120
120
120
118
113
110
105
103
98
93
95
93
85
80
133
135
135
135
135
135
133
133
133
133
135
135
135
135
133
130
130
128
125
123
120
118
115
110
105
103
98
98
98
93
88
83
135
138
138
138
138
138
138
138
138
138
138
138
138
138
135
135
133
130
128
125
120
118
115
110
105
103
100
100
100
98
90
85
138
138
138
138
140
140
140
143
143
143
140
138
138
138
138
135
133
133
133
130
125
120
115
113
108
105
103
103
103
100
93
90
143
143
140
140
143
145
145
145
145
145
143
143
143
143
140
138
133
135
135
133
128
123
115
113
108
105
103
105
105
103
95
93
145
145
143
143
145
148
145
145
145
145
145
145
145
145
140
138
133
135
135
135
128
123
115
113
108
105
103
105
105
103
98
93
148
148
145
145
148
150
150
148
148
148
148
148
148
145
143
140
138
135
135
135
130
123
120
115
113
108
108
108
105
103
100
95
150
150
148
148
150
150
148
150
150
150
148
150
150
148
143
143
140
135
135
133
130
125
123
118
115
110
108
108
108
105
103
98
150
150
153
150
150
148
148
150
150
150
150
150
150
148
143
143
140
138
135
133
130
128
123
120
115
113
110
110
108
105
103
98
150
150
153
153
150
148
148
153
153
153
150
153
150
148
145
145
140
138
135
133
133
130
125
123
118
115
113
110
108
108
103
98
153
153
155
155
153
150
150
153
153
153
153
153
153
148
145
145
143
140
135
135
133
130
128
125
120
118
115
110
110
108
103
98
153
153
155
155
153
153
153
153
153
153
153
153
153
150
148
148
143
140
138
135
133
133
130
125
123
118
115
113
110
110
103
98
155
155
153
153
155
155
153
155
155
155
153
155
153
150
148
148
143
140
135
133
135
135
130
128
123
120
115
113
113
110
103
98
155
155
153
153
155
158
155
155
155
155
153
155
153
150
148
148
145
140
138
135
135
135
133
128
125
120
118
115
113
110
105
100
155
155
158
158
158
158
160
158
155
155
158
158
153
150
145
145
145
143
140
140
140
138
135
133
125
120
120
118
113
110
108
103
158
158
158
158
158
158
160
158
155
155
158
158
153
150
148
145
143
143
143
140
140
138
140
140
130
123
120
120
115
110
110
108
160
160
158
158
158
158
160
158
155
155
158
158
153
153
148
148
145
143
143
143
140
138
143
145
135
125
123
120
118
113
110
110
163
163
160
158
158
158
160
158
155
155
155
155
153
153
150
148
145
143
143
143
140
140
143
143
138
130
128
123
118
115
113
115
