154.7686 155.6545 155.0675 154.0676 153.7687 155.0675 155.0567 154.4589 154.4589 154.4589 155.3448 155.4588 156.3447 156.3447 154.2740 152.2033 152.2033 151.6163 152.2033 151.2034 149.2036 148.2037 145.0900 141.5033 140.6174 140.6174 140.8454 140.9594 140.0735 138.4866 137.8996 137.3126
153.3666 154.3665 153.3666 152.3667 153.3666 156.0674 156.0566 155.4588 155.4588 155.4588 155.4588 156.1598 156.4587 157.0457 153.9751 152.2033 152.6162 154.2031 153.2032 151.6163 149.2036 147.6167 145.6169 142.8021 141.3292 140.3293 140.5573 139.6714 139.0844 138.1985 137.1986 137.6115
154.3665 154.7794 154.7794 153.7795 155.3664 157.3662 157.4694 156.5727 156.5727 156.5727 156.5727 156.5727 156.8716 156.8716 154.6869 152.9151 153.6161 154.5020 153.5021 149.9154 146.9157 145.9158 144.9267 143.6387 142.3399 140.7530 140.9810 140.0951 139.2092 138.6222 136.3235 136.9105
156.0782 157.0781 158.0780 158.0780 157.7791 158.7790 158.5833 157.9855 157.9855 157.9855 157.9855 157.8715 156.8716 155.9857 155.0998 154.9149 153.9150 153.2140 151.2142 147.5135 144.2149 143.2150 144.3397 144.4645 142.4647 141.4648 141.9917 141.2198 140.3339 139.7469 136.6224 134.7366
159.3768 159.7897 159.7897 159.3768 158.7898 158.7898 157.5942 155.9965 156.9964 157.9963 157.9963 156.9964 155.4095 154.5837 155.1106 155.2246 153.3388 152.2249 150.2251 147.2254 144.2257 144.2257 145.3504 144.7742 142.8884 141.4155 141.4155 139.5297 138.7578 137.1709 135.4592 133.7475
160.6756 161.0885 160.7896 160.0886 159.0887 158.7898 157.1921 155.4095 155.2955 156.2954 156.7083 155.7084 153.7086 152.4098 152.8227 153.9366 151.9368 150.2359 148.9371 145.9374 143.9376 144.9375 145.3612 143.8991 141.8993 141.0134 140.2415 138.3557 136.7688 135.4700 134.1712 133.3454
160.0886 160.3875 161.0885 160.3875 159.0887 157.3878 156.3170 154.8333 153.7194 153.1324 153.8334 153.1324 151.8336 150.4208 151.2466 151.6595 150.2467 149.2468 147.3610 145.2472 143.2474 143.6603 143.7851 142.3230 140.3232 140.1383 139.2524 137.7795 136.1926 134.8938 133.5950 132.7692
156.6868 157.6867 158.8006 158.6866 156.3879 153.8011 153.3173 151.8444 149.9586 149.9586 150.2575 149.9586 148.9587 147.9588 148.6706 149.6705 148.6706 147.6707 145.9698 144.2581 143.2582 142.6712 142.7960 141.0350 139.0352 138.5622 138.6762 137.4914 135.9045 134.9046 133.6058 132.3671
153.1001 153.3990 155.0999 155.0999 152.5131 150.1004 148.7415 147.9696 147.2686 148.3825 148.3825 147.9696 147.3826 146.9697 147.6815 148.2793 147.9804 146.9805 145.9806 144.3937 144.0948 143.2798 142.8068 141.1598 139.1600 138.2741 138.6870 137.9151 136.0293 135.0294 133.6166 132.3887
150.1004 150.3993 151.5132 151.5132 149.5134 148.1006 146.3396 145.9806 145.9806 148.0944 148.6814 147.0945 147.0945 146.9805 147.6923 148.6922 148.5782 147.9912 146.9913 146.1054 146.9913 144.9915 143.8175 142.7575 140.5728 139.3988 139.5128 138.3280 136.7411 135.7412 134.6273 133.9864
148.3995 148.3995 149.8123 149.5134 148.5135 147.3996 147.1654 146.9913 147.1053 148.6922 148.6922 148.1052 148.1052 148.1052 149.2900 149.7029 150.0018 150.0018 149.0019 148.7030 149.5889 147.0021 145.9421 144.5832 142.5834 141.6975 140.9256 139.9257 138.1539 137.1540 135.9261 135.1111
148.1114 149.1113 149.8123 149.2253 149.1113 148.6984 149.4641 150.4039 148.7030 149.2900 149.2900 149.2900 149.4040 149.7029 150.0018 151.3006 151.3006 151.3006 150.3007 150.4147 151.3006 149.3008 147.9419 146.5830 143.9962 143.1103 142.8114 140.3386 138.8657 137.8658 136.7519 135.4100
150.6705 151.7844 152.7843 152.6703 151.7844 150.7845 152.1973 153.1972 152.8983 152.7843 152.8983 152.8983 153.1972 153.1972 152.7242 153.7241 154.3111 152.7242 151.7243 152.7242 152.7242 151.6103 150.6643 148.8324 146.8326 145.8327 143.8329 141.9471 141.6482 140.0613 138.6485 137.4206
153.2080 155.0938 156.0937 156.2077 155.2078 154.2079 154.2079 155.0938 155.0938 155.0938 155.0938 156.0937 156.0937 156.0937 155.2078 155.3218 156.0228 154.0230 153.0231 154.0230 153.3220 152.3221 151.3761 149.5442 148.2454 146.5445 144.2458 143.1319 143.2459 142.2460 139.8333 138.4205
156.2077 158.0935 158.2075 158.2075 158.0935 157.2076 157.0936 157.0936 157.0936 157.0936 158.0935 158.0935 158.0935 158.0935 157.3216 157.3216 157.3216 155.3218 154.4359 154.3219 154.0230 153.0231 151.3761 150.1312 148.2454 147.2455 145.2457 143.5448 144.1318 143.1319 140.2462 138.8334
159.0934 160.0933 160.2073 160.2073 160.0933 160.0933 159.2074 159.0934 159.0934 159.0934 160.0933 160.0933 160.0933 160.0933 159.3214 158.7344 158.4355 157.3216 156.3217 155.4358 154.3219 153.3220 152.0771 150.1312 148.5443 147.2455 145.5446 145.1317 145.1317 143.4308 141.2461 139.8333
160.9792 161.0932 161.0932 161.0932 161.0932 161.0932 161.0932 161.0932 161.0932 161.0932 161.0932 161.0932 161.0932 161.0932 160.6202 160.3213 159.3214 158.4355 157.7345 156.7346 154.7348 153.7349 152.3760 150.4301 148.5443 147.4304 146.4305 146.1316 146.1316 145.1317 142.4309 140.8332
161.9791 161.9791 161.6802 161.9791 162.0931 162.9790 162.9790 163.0930 163.0930 163.0930 162.0931 161.7942 161.7942 161.7942 161.6201 160.6202 159.6203 159.7343 159.0333 158.0334 156.3217 154.6208 152.3760 151.3160 149.4302 148.3163 147.4304 147.4304 147.4304 146.4305 143.4308 142.1320
163.5660 163.5660 162.5661 162.8650 163.5660 164.5659 164.0929 164.0929 164.0929 164.0929 163.0930 163.0930 163.0930 163.0930 162.6200 161.0331 159.0333 160.0332 160.0332 159.0333 157.0335 155.0337 152.9738 151.6149 149.6151 148.6152 147.6153 148.6152 148.6152 147.3164 144.7296 143.4308
164.8648 164.8648 163.8649 163.8649 164.8648 165.8647 164.9788 164.0929 164.0929 164.0929 164.0929 164.0929 164.0929 164.0929 162.9189 161.0331 159.0333 160.0332 160.3321 160.0332 157.0335 155.0337 152.9738 151.6149 149.6151 148.6152 147.9142 148.6152 148.6152 147.6153 145.7295 143.8437
165.7507 165.7507 164.7508 164.7508 165.8647 166.8646 166.5657 165.0928 165.0928 165.0928 165.0928 165.0928 165.0928 164.0929 163.9188 162.3319 161.0331 160.3321 160.3321 160.0332 158.0334 155.4466 154.2726 152.9137 151.5009 149.9140 149.5011 149.8000 148.9141 147.9142 146.6154 144.8436
166.4517 166.4517 165.4518 165.7507 166.3377 166.4517 165.9787 166.0927 166.0927 166.0927 165.7938 166.0927 166.0927 165.0928 163.9188 163.3318 162.3319 160.4461 160.3321 159.7451 158.3323 156.7454 155.1585 153.7996 152.0987 150.7999 149.9140 149.8000 149.2130 148.8001 147.0283 145.8435
166.3377 166.3377 167.3376 166.6366 166.3377 165.6367 165.8647 166.0927 166.0927 166.0927 166.0927 166.0927 166.0927 165.0928 163.9188 163.7447 162.6308 161.0439 160.0440 159.7451 158.6312 157.0443 155.5714 154.3974 152.3976 151.3977 150.9848 150.0989 149.3979 148.9850 147.2132 145.5554
166.6366 166.6366 167.6365 167.6365 166.3377 165.3378 165.9787 167.0926 167.0926 167.0926 166.0927 167.0926 166.0927 165.0928 164.9187 164.0436 162.7448 161.0439 160.0440 159.7451 159.0441 158.0442 156.4573 155.2833 153.3975 152.2836 151.3977 150.3978 149.9849 149.0990 147.2132 145.5554
167.2236 167.2236 168.2235 168.2235 167.2236 166.1097 166.4517 167.0926 167.0926 167.0926 167.0926 167.0926 167.0926 165.0928 164.9187 164.3425 163.0437 162.0438 160.3429 160.0440 159.3430 158.4571 157.4572 156.2832 154.2834 153.2835 152.2836 150.6967 150.2838 149.5828 147.5121 145.8543
167.2236 167.2236 168.2235 168.1095 167.2236 167.1096 167.4516 167.7936 167.7936 167.7936 167.0926 167.0926 167.0926 166.0927 165.2176 165.0435 163.3426 162.0438 161.0439 160.0440 159.4570 159.3430 158.4571 156.2832 155.1693 153.5824 152.2836 151.2837 150.5827 150.1698 147.5121 145.8543
168.1095 168.1095 167.2236 167.2236 168.1095 168.2235 167.8645 168.0925 168.0925 168.0925 167.0926 168.0925 167.0926 166.0927 165.3316 165.0435 163.4566 162.3427 160.4569 159.4570 160.0440 160.0440 158.8700 157.5820 155.5822 154.5823 152.5825 151.5826 151.1697 150.1698 147.8110 145.8543
168.1095 168.1095 167.5225 167.5225 168.5224 169.2234 168.8644 168.3914 168.0925 168.0925 167.9785 168.0925 167.9785 166.3916 165.2176 165.0435 164.0436 162.9297 161.0439 160.0440 160.6310 160.3429 159.3430 157.7561 156.1692 154.1694 153.1695 152.1696 151.1697 150.2838 148.3980 146.4413
168.9353 168.9353 169.5223 169.9352 169.9352 169.9352 170.0492 169.5762 168.5763 168.4623 169.1633 169.4622 167.5764 166.5765 164.9896 164.8047 164.1037 163.1038 162.8049 162.2179 162.1039 161.1040 160.5170 159.1150 156.8163 154.9305 154.0446 153.4576 151.6858 150.6859 149.3871 147.9142
169.2342 169.2342 169.9352 169.9352 169.9352 169.9352 170.0492 169.5762 168.5763 168.4623 169.4622 169.4622 167.4624 166.5765 165.6906 164.8047 163.8048 163.1038 163.1038 162.8049 162.6909 161.6910 162.4028 162.2888 158.8161 155.8164 154.0446 154.0446 152.2728 150.6859 150.3870 149.5011
170.2341 170.2341 169.9352 169.9352 169.9352 169.9352 170.0492 169.5762 168.5763 168.4623 169.1633 169.1633 167.5764 167.1635 165.6906 165.1036 164.1037 163.6908 163.6908 163.1038 162.8049 161.8050 163.4027 164.4026 160.4030 156.9303 155.0445 154.4575 153.2727 151.6858 150.7999 150.9139
171.2340 171.2340 170.2341 169.9352 169.9352 169.9352 170.0492 169.5762 168.5763 168.4623 168.5763 168.5763 167.5764 167.4624 166.1035 165.8046 164.8047 163.8048 163.8048 163.8048 162.8049 162.1039 163.1038 163.4027 161.4029 158.9301 157.0443 155.1585 153.5716 152.3868 151.7998 152.5008
