# The Python code expects only one value per line, so I organized gray_o in this way. 
154
155
155
154
153
155
155
154
154
154
155
155
156
156
154
152
152
151
152
151
149
148
145
141
140
140
140
140
140
138
137
137
153
154
153
152
153
156
156
155
155
155
155
156
156
157
153
152
152
154
153
151
149
147
145
142
141
140
140
139
139
138
137
137
154
154
154
153
155
157
157
156
156
156
156
156
156
156
154
152
153
154
153
149
146
145
144
143
142
140
140
140
139
138
136
136
156
157
158
158
157
158
158
157
157
157
157
157
156
155
155
154
153
153
151
147
144
143
144
144
142
141
141
141
140
139
136
134
159
159
159
159
158
158
157
155
156
157
157
156
155
154
155
155
153
152
150
147
144
144
145
144
142
141
141
139
138
137
135
133
160
161
160
160
159
158
157
155
155
156
156
155
153
152
152
153
151
150
148
145
143
144
145
143
141
141
140
138
136
135
134
133
160
160
161
160
159
157
156
154
153
153
153
153
151
150
151
151
150
149
147
145
143
143
143
142
140
140
139
137
136
134
133
132
156
157
158
158
156
153
153
151
149
149
150
149
148
147
148
149
148
147
145
144
143
142
142
141
139
138
138
137
135
134
133
132
153
153
155
155
152
150
148
147
147
148
148
147
147
146
147
148
147
146
145
144
144
143
142
141
139
138
138
137
136
135
133
132
150
150
151
151
149
148
146
145
145
148
148
147
147
146
147
148
148
147
146
146
146
144
143
142
140
139
139
138
136
135
134
133
148
148
149
149
148
147
147
146
147
148
148
148
148
148
149
149
150
150
149
148
149
147
145
144
142
141
140
139
138
137
135
135
148
149
149
149
149
148
149
150
148
149
149
149
149
149
150
151
151
151
150
150
151
149
147
146
143
143
142
140
138
137
136
135
150
151
152
152
151
150
152
153
152
152
152
152
153
153
152
153
154
152
151
152
152
151
150
148
146
145
143
141
141
140
138
137
153
155
156
156
155
154
154
155
155
155
155
156
156
156
155
155
156
154
153
154
153
152
151
149
148
146
144
143
143
142
139
138
156
158
158
158
158
157
157
157
157
157
158
158
158
158
157
157
157
155
154
154
154
153
151
150
148
147
145
143
144
143
140
138
159
160
160
160
160
160
159
159
159
159
160
160
160
160
159
158
158
157
156
155
154
153
152
150
148
147
145
145
145
143
141
139
160
161
161
161
161
161
161
161
161
161
161
161
161
161
160
160
159
158
157
156
154
153
152
150
148
147
146
146
146
145
142
140
161
161
161
161
162
162
162
163
163
163
162
161
161
161
161
160
159
159
159
158
156
154
152
151
149
148
147
147
147
146
143
142
163
163
162
162
163
164
164
164
164
164
163
163
163
163
162
161
159
160
160
159
157
155
152
151
149
148
147
148
148
147
144
143
164
164
163
163
164
165
164
164
164
164
164
164
164
164
162
161
159
160
160
160
157
155
152
151
149
148
147
148
148
147
145
143
165
165
164
164
165
166
166
165
165
165
165
165
165
164
163
162
161
160
160
160
158
155
154
152
151
149
149
149
148
147
146
144
166
166
165
165
166
166
165
166
166
166
165
166
166
165
163
163
162
160
160
159
158
156
155
153
152
150
149
149
149
148
147
145
166
166
167
166
166
165
165
166
166
166
166
166
166
165
163
163
162
161
160
159
158
157
155
154
152
151
150
150
149
148
147
145
166
166
167
167
166
165
165
167
167
167
166
167
166
165
164
164
162
161
160
159
159
158
156
155
153
152
151
150
149
149
147
145
167
167
168
168
167
166
166
167
167
167
167
167
167
165
164
164
163
162
160
160
159
158
157
156
154
153
152
150
150
149
147
145
167
167
168
168
167
167
167
167
167
167
167
167
167
166
165
165
163
162
161
160
159
159
158
156
155
153
152
151
150
150
147
145
168
168
167
167
168
168
167
168
168
168
167
168
167
166
165
165
163
162
160
159
160
160
158
157
155
154
152
151
151
150
147
145
168
168
167
167
168
169
168
168
168
168
167
168
167
166
165
165
164
162
161
160
160
160
159
157
156
154
153
152
151
150
148
146
168
168
169
169
169
169
170
169
168
168
169
169
167
166
164
164
164
163
162
162
162
161
160
159
156
154
154
153
151
150
149
147
169
169
169
169
169
169
170
169
168
168
169
169
167
166
165
164
163
163
163
162
162
161
162
162
158
155
154
154
152
150
150
149
170
170
169
169
169
169
170
169
168
168
169
169
167
167
165
165
164
163
163
163
162
161
163
164
160
156
155
154
153
151
150
150
171
171
170
169
169
169
170
169
168
168
168
168
167
167
166
165
164
163
163
163
162
162
163
163
161
158
157
155
153
152
151
152
